
function line_dat = linedatas

%         |  From |  To   |   R     |   X     |     B    |  ONR  |
%         |  Bus  | Bus   |  pu     |  pu     |     pu   |       |
line_dat =  [1      4       0.08000   0.37000    0.0140         1
             1      6       0.12300   0.51800    0.0200         1
             2      3       0.72300   1.05000    0.0000         1
             2      5       0.28200   0.64000    0.0000         1
             4      3       0.00000   0.13300    0.0000     0.909
             4      6       0.09700   0.40700    0.0152         1
             6      5       0.00000   0.30000    0.0000     0.976 ];       
end